[1.jpg]
filters=finetune2=1,0.444444,0.000000,0.000000,00948069,0.000000;
moddate=bf780aa74e05da01
width=2185
height=1525
textactive=0
[1.1.jpg]
filters=finetune2=1,0.204678,0.000000,0.000000,00000000,0.000000;finetune2=1,0.000000,0.000000,0.000000,00000000,-0.005848;finetune2=1,0.251462,0.000000,0.000000,00000000,0.000000;
moddate=2fe6af644f05da01
width=2167
height=1500
textactive=0
[3.jpg]
filters=autocolor=1;autolight=1;finetune2=1,0.216374,0.000000,0.000000,00000000,0.017544;autolight=1;autocolor=1;
moddate=152c924fed05da01
width=500
height=333
textactive=0
